              precision    recall  f1-score   support

           0       0.80      0.84      0.82       100
           1       0.70      0.83      0.76       100
           2       1.00      1.00      1.00       100
           3       1.00      1.00      1.00       100
           4       0.80      0.67      0.73       100
           5       0.97      0.99      0.98       100
           6       1.00      0.95      0.97       100
           7       1.00      1.00      1.00       100
           8       0.95      0.91      0.93       100
           9       1.00      1.00      1.00       100

    accuracy                           0.92      1000
   macro avg       0.92      0.92      0.92      1000
weighted avg       0.92      0.92      0.92      1000

