              precision    recall  f1-score   support

           0       0.76      0.97      0.85       100
           1       0.87      0.65      0.74       100
           2       1.00      1.00      1.00       100
           3       0.99      0.92      0.95       100
           4       0.75      0.79      0.77       100
           5       0.94      0.99      0.97       100
           6       0.99      0.97      0.98       100
           7       1.00      1.00      1.00       100
           8       0.94      0.90      0.92       100
           9       1.00      1.00      1.00       100

    accuracy                           0.92      1000
   macro avg       0.92      0.92      0.92      1000
weighted avg       0.92      0.92      0.92      1000

