              precision    recall  f1-score   support

           0       1.00      0.98      0.99       100
           1       0.98      1.00      0.99       100
           2       1.00      1.00      1.00       100
           3       1.00      1.00      1.00       100
           4       1.00      1.00      1.00       100
           5       1.00      1.00      1.00       100
           6       1.00      1.00      1.00       100
           7       1.00      1.00      1.00       100
           8       1.00      1.00      1.00       100
           9       1.00      1.00      1.00       100

    accuracy                           1.00      1000
   macro avg       1.00      1.00      1.00      1000
weighted avg       1.00      1.00      1.00      1000

